1 0.48697916666666663 0.05902777777777774 0.5507812499999999 0.046875 0.5494791666666667 0.0868055555555556 0.5364583333333334 0.09027777777777773 0.5833333333333333 0.5138888888888888 0.6289062500000002 0.6458333333333334 0.5677083333333334 0.6493055555555555 0.5312500000000001 0.5190972222222222
1 0.5429687499999999 0.022569444444444465 0.6263020833333333 0 0.69140625 0.010416666666666666 0.67578125 0.0607638888888889 0.7395833333333333 0.6475694444444443 0.6432291666666666 0.6510416666666666 0.64453125 0.6006944444444444 0.6822916666666666 0.5972222222222222 0.6263020833333333 0.07812500000000006 0.5468749999999999 0.06076388888888896
1 0.37760416666666663 0.6475694444444443 0.9127604166666667 0.6024305555555557 0.9127604166666667 0.6614583333333334 0.3450520833333335 0.6996527777777776 0.3450520833333335 0.6545138888888888
1 0.7473958333333333 0.5416666666666666 0.7773437499999999 0.5416666666666666 0.78125 0.642361111111111 0.7513020833333334 0.6406249999999999
1 0.7760416666666666 0.0347222222222222 0.8216145833333333 0.02951388888888893 0.8841145833333334 0.6302083333333334 0.8450520833333334 0.6302083333333334
1 0.8242187499999998 0.03298611111111113 0.8736979166666667 0.036458333333333336 0.9427083333333333 0.6145833333333334 0.8971354166666667 0.6215277777777776
1 0.8046874999999998 0.008680555555555565 0.9088541666666667 0.010416666666666666 0.921875 0.039930555555555566 0.8007812499999998 0.038194444444444434 0.8046874999999998 0.005208333333333333
1 0.8776041666666666 0.03472222222222226 0.9283854166666666 0.041666666666666664 0.99609375 0.59375 0.9544270833333334 0.6041666666666666
2 0.04687499999999996 0.44791666666666663 0.09895833333333334 0.44791666666666663 0.09765624999999996 0.5434027777777778 0.12890624999999997 0.623263888888889 0.13020833333333337 0.592013888888889 0.1744791666666666 0.59375 0.17838541666666657 0.7864583333333334 0.13802083333333334 0.7586805555555556 0.08723958333333334 0.625
1 0.006510416666666652 0.06770833333333333 0.5325520833333333 0.015624999999999977 0.5325520833333333 0.05208333333333335 0 0.10416666666666666
1 0.3554687499999999 0.07465277777777773 0.39973958333333337 0.0711805555555556 0.3593749999999999 1 0.3242187499999999 0.9999999999999999